198.52799390879144 400.54498541946487 559.894569645332 135.2633430406095 29.874843921349807 
169.22155841921364 421.1040827152245 473.33229588436774 423.1022960078871 373.8346600400684 
33.0734945944599 408.7075335040498 306.96226957161156 337.8821402425808 372.80275111297675 
610.9098398260946 382.5743766117474 526.795886929666 556.7088598665088 95.51454144980629 
297.0723192369245 229.27551452688752 109.67623004177806 553.9166421786114 587.5505003364275 
236.8520954422902 357.14178887013526 377.81032948755933 88.27973351046104 502.1505930779644 
208.1834758260912 533.851503776136 44.16070813763993 306.31980035184046 347.5808699142039 
193.97231429641394 523.3840554477242 216.09850051642402 604.8168149113176 376.8161246178428 
72.26563124467546 460.98657823705076 617.9886414454265 405.7619675146261 105.22587455909544 
110.9898826529882 260.5978194857212 339.0070685991802 72.88199645592648 385.40761955779647 
49.1868144686746 477.1761454301 201.22164817010017 573.1308732565984 99.79183311323254 
603.9264771605269 544.8269345547212 394.92118275816875 551.1802545017057 565.017134060609 
247.1174264848244 588.1378577961084 522.8414190683827 341.3114826793531 450.5810069088509 
244.3826866457662 25.69969177186762 321.18144091618063 49.96124442401713 380.5309760410305 
393.5183603344533 227.78238866111195 31.3700173090149 573.6175528059094 152.96321776930642 
106.66740943956688 490.2942741151942 240.04642163586468 200.29459124445341 329.2096569619988 
371.46549728747453 89.59294557227788 502.6564921607576 117.30153542539391 523.5607603864864 
34.66735536372694 91.9317344294929 244.7995724034725 611.7040392605021 185.30802957435452 
269.13171817844943 121.18351671043051 380.7366453869163 310.37374949401067 287.2895157658018 
612.8986875965543 312.2253389138252 495.4031963668665 130.82536413237546 107.85005848671612 
468.17703879529415 477.6108726414384 559.35280251054 278.5170256241595 64.42890659793261 
88.4878801616089 333.89468021976876 349.15747447068463 466.6823235113639 384.4764911324247 
293.47747473276974 222.57001822972248 52.14973830588315 396.18720853081106 100.07283628819215 
571.882998991664 129.7830890541747 176.62696122233777 619.8550272215782 152.8391929231592 
462.0524589656478 578.9074299675191 458.74299794697805 342.0448144701014 281.2437987903653 
543.9019305317115 520.1959331637895 56.651631355908386 443.24445213704576 28.31996184079975 
603.2309699881024 360.9409418070084 111.78520440340472 53.66782304499556 408.63172935813054 
415.27814979122076 116.10763189645108 506.56433143701594 71.31670662983576 172.90672099337746 
75.02549419274523 70.88016578637095 286.8358542582889 180.05024190283046 530.3489418458882 
422.16979998080285 449.9645500023694 384.7912440377857 482.6401975546283 164.86453812556223 
