34.72487623450959 477.4115432688652 54.154486118417765 29.528252270832546 115.86745801215768 
237.5821219154498 236.94474035736474 205.29334768450752 61.91321946299821 354.17237422221217 
148.1409350460448 426.8309002275998 322.82512683456116 219.4555384188459 47.44036036177256 
246.15725260810206 216.23678889949736 255.19456607117334 384.2260375519453 62.479104404149766 
67.06513892660159 41.30665535070981 480.3463942385097 308.91772107469114 389.0236944435295 
180.27601654875997 119.05362362811533 317.36418353828964 242.8021939776337 188.33055772842383 
487.3658869957726 464.9814267494037 30.677994591475123 329.3981355670515 44.119384939824634 
330.86860894787753 112.325048025888 432.8580034031705 10.975669117597667 216.40345942814963 
251.58604415812025 361.10292645178 308.6499033098654 507.7782396361694 28.97320058650992 
417.92789049996844 385.6257323708431 484.2449095611755 479.66355899541253 113.76066915578508 
11.622307724364946 300.5851826590996 341.7541963313233 328.75022439109375 233.07916149057365 
497.3210277471354 424.5431630151359 39.7282538801128 312.92453378312916 17.18128247978711 
231.6015822985128 402.0597667421144 101.89272977726687 331.3400150770318 98.40269691227782 
102.39813902572608 413.6562489244531 403.94220578265316 229.2734349505468 23.360333102922674 
101.0381325288081 348.4324331521552 143.43405389579826 386.13792229995676 155.57038009446245 
254.20217017592515 164.89159491608322 162.05958630686422 277.66381732908206 287.07128220479746 
215.9526802625437 169.12052870298814 489.65525503685757 292.1193577607198 299.12139707431044 
394.49466467938123 488.9974298196111 252.38261693657637 177.14770728669137 209.0450489219825 
63.85738328009182 81.93181612631977 385.9921977302375 264.8482464501069 18.388938284176806 
356.84691241592105 340.4726957982739 491.7481946052389 179.94486564611339 212.60411871783512 
417.3583673300977 233.9553148640236 185.49433646358514 261.39090063794316 25.67700462665428 
192.70634443935091 369.5114062036385 507.864579685284 299.0009983113147 466.0005979146513 
200.59997302935093 366.8701794952105 169.47778663424168 101.42828906278206 339.1210048970522 
11.633108895769176 208.3702200536131 203.10652251178468 13.08754124391264 405.94235201555136 
242.87263096689992 258.7385220789567 34.593185564615595 498.83969593287844 383.968117205983 
477.8118730735829 404.03963567512073 185.33081135089122 225.09276583937114 56.951192652865906 
74.42892698404174 261.63351935802075 96.3723147194334 413.44106886133665 72.98599889958001 
228.47919759415146 384.1969894937789 52.934693614156195 302.3771963626038 420.9826700578246 
50.9001141015356 362.3640265292981 468.7903576120067 68.59640348963225 114.30609463792068 
244.0668589896689 209.14208899706426 13.66452220521385 471.9133783331423 132.1467010218327 
